1	4
2	17
3	12
4	3
5	10
6	3
6	5
6	19
6	29
7	14
8	1
8	4
9	13
10	3
10	5
11	3
11	4
11	16
12	3
13	3
14	2
15	13
15	32
16	3
17	3
17	5
17	19
18	10
19	18
20	27
21	18
22	3
23	1
23	15
23	20
24	4
25	15
26	5
27	4
28	3
29	16
30	15
30	20
31	1
31	2
31	5
31	6
31	9
31	15
31	20
31	29
32	5
33	1
33	18
33	35
34	13
35	23
36	9
37	4
38	9
38	30
39	2
40	10
41	27
42	18
43	24
43	25
44	2
44	6
45	4
45	5
45	30
46	5
46	9
47	1
47	8
48	31
48	37
49	1
50	18
50	27
51	27
52	1
52	21
53	1
53	5
53	8
53	9
53	15
53	20
53	29
54	6
55	8
55	13
56	3
57	1
57	8
58	5
58	9
59	4
60	1
61	1
62	26
63	1
64	1
64	5
64	9
64	20
64	29
65	21
66	18
67	9
68	1
68	5
68	9
68	15
68	29
69	5
69	22
70	3
70	5
71	1
71	5
71	8
71	9
71	15
71	20
71	29
72	1
72	15
73	5
73	9
74	1
74	5
74	9
74	15
74	20
74	29
75	3
75	5
75	19
76	3
77	21
78	4
78	5
78	40
79	2
79	6
79	9
80	1
80	5
80	9
81	1
82	35
83	1
83	5
83	9
83	15
83	20
84	18
85	5
86	15
86	20
87	5
88	2
88	6
89	3
90	16
90	23
91	1
91	9
92	1
92	21
93	18
94	1
95	3
95	5
96	4
97	1
98	4
99	1
99	8
99	13
99	29
100	1
100	13
101	1
102	1
103	1
103	2
103	9
103	15
103	20
103	29
104	3
105	6
105	9
106	8
107	9
108	1
108	15
108	20
109	1
110	1
110	5
110	8
110	9
110	20
110	29
110	34
111	3
112	3
112	5
113	1
113	7
114	1
114	5
115	1
115	39
116	3
116	5
116	19
117	1
117	6
117	20
117	29
118	1
118	9
119	5
119	9
120	15
120	20
121	8
122	5
122	24
122	25
123	3
123	5
123	19
124	1
125	3
125	19
126	1
127	3
128	7
129	1
130	3
131	3
132	1
132	9
132	13
132	15
132	20
132	29
132	34
133	5
133	15
133	20
134	29
134	33
135	9
136	1
137	5
137	9
138	1
138	15
138	20
139	1
139	2
139	5
139	7
139	8
139	9
139	15
139	20
139	29
140	9
141	4
141	10
142	9
143	1
143	15
144	1
145	26
146	21
147	1
147	9
148	8
149	1
149	9
149	20
149	29
150	2
150	6
151	1
151	9
152	1
152	8
152	9
152	13
152	29
153	2
153	6
154	9
154	15
155	1
155	3
155	5
155	8
155	9
155	15
155	20
155	29
156	2
157	3
157	9
157	15
158	1
159	9
160	1
160	15
160	20
161	8
162	1
163	4
164	1
164	2
164	9
164	15
164	29
165	8
166	1
166	6
166	9
166	29
167	3
167	5
167	19
168	1
168	5
168	9
168	29
169	6
169	9
170	1
171	5
171	9
172	1
172	15
173	1
174	1
174	20
175	1
175	5
175	9
176	2
176	6
177	1
177	29
178	1
179	1
180	5
181	4
182	2
183	1
184	8
184	13
185	11
186	9
186	29
187	9
188	1
189	1
190	1
190	5
190	9
191	2
191	6
192	1
193	18
194	4
195	9
196	3
197	3
197	5
198	1
198	29
199	9
200	1
201	1
201	5
202	1
203	8
204	15
204	20
205	5
206	3
207	1
208	1
208	5
208	8
208	9
208	15
208	29
209	1
209	9
209	15
209	20
209	29
210	1
211	3
211	9
211	29
212	26
213	1
214	9
215	9
216	6
216	15
216	20
217	9
218	1
219	1
219	20
219	29
220	1
220	9
221	1
222	3
223	1
223	2
223	5
223	8
223	9
223	20
223	29
224	5
224	9
225	1
225	15
225	20
226	9
227	9
227	15
227	20
228	1
228	9
229	5
230	1
230	15
230	20
231	2
231	6
232	1
233	9
234	18
235	1
236	1
237	1
237	29
238	1
238	5
238	9
239	1
239	2
239	6
240	3
241	8
242	3
242	5
243	5
243	9
244	3
245	1
246	9
247	9
248	1
249	1
250	1
250	5
250	20
250	29
251	1
251	9
251	15
251	20
252	1
252	9
252	29
253	4
254	9
255	1
255	2
255	6
255	15
256	1
257	8
258	1
259	1
259	7
259	9
260	35
261	1
262	9
263	5
264	7
265	2
265	6
266	1
267	1
268	8
269	9
270	9
271	9
272	9
272	15
273	1
273	9
274	9
275	1
275	9
276	1
276	9
276	15
277	1
277	2
277	5
277	6
277	9
278	1
279	9
280	1
280	5
280	9
281	9
282	2
282	6
283	2
283	6
283	9
284	1
284	15
284	20
285	21
286	1
287	35
288	5
289	29
290	13
291	1
291	9
291	20
292	1
293	1
293	9
293	15
293	29
294	8
295	1
295	8
296	1
296	7
297	1
297	8
298	1
298	29
299	2
300	3
301	2
301	6
302	1
302	8
303	1
303	8
304	29
305	1
305	15
306	1
307	5
307	9
308	1
308	9
309	5
310	1
311	1
312	5
312	9
313	1
314	1
314	15
314	29
315	2
315	6
316	5
316	9
317	24
318	1
319	1
319	20
320	1
321	1
321	9
321	20
321	29
322	8
323	1
323	15
323	20
324	1
325	3
325	5
325	19
326	9
327	1
327	8
328	1
328	9
329	1
329	8
329	9
329	13
329	29
330	1
331	2
331	6
332	8
333	8
334	8
335	1
335	15
335	20
336	15
336	20
337	1
337	15
337	20
338	1
339	1
340	1
341	9
342	9
343	2
343	6
344	2
344	6
344	9
345	5
346	9
347	8
347	13
348	1
348	29
349	1
349	5
349	9
349	19
350	1
350	3
350	5
350	29
350	34
351	5
352	1
352	9
353	1
353	20
354	8
355	1
355	5
355	9
356	9
357	8
358	1
359	21
360	9
361	1
361	9
361	29
361	34
362	1
363	9
364	2
364	6
365	13
366	9
367	1
367	15
368	1
369	1
369	8
369	13
370	1
371	9
372	1
372	15
372	20
373	9
374	8
374	13
375	9
376	1
377	5
377	9
377	15
378	1
379	9
380	1
380	9
380	20
381	12
382	1
383	9
384	1
384	7
385	8
386	8
387	1
387	15
387	20
388	1
389	1
389	9
390	1
391	1
391	9
392	29
393	9
394	1
395	1
395	5
395	9
396	9
397	8
397	13
398	2
398	6
399	1
400	2
401	18
402	1
403	1
403	5
403	9
403	20
403	29
404	1
405	2
405	6
406	35
407	1
407	9
407	29
408	1
408	9
409	1
409	5
409	9
409	15
409	20
409	29
410	1
411	1
412	5
413	9
414	8
414	13
415	1
415	8
416	9
417	1
417	29
418	8
419	1
419	9
420	8
421	8
422	1
423	1
424	3
425	1
425	9
426	1
427	1
428	1
429	9
430	5
430	9
430	15
430	31
431	1
431	15
431	20
432	1
433	8
434	9
435	1
435	3
435	9
436	2
436	6
436	9
437	8
438	8
439	9
440	1
440	9
440	29
441	8
441	13
442	1
443	6
443	9
444	1
444	20
445	1
445	9
446	5
447	2
447	6
447	9
448	1
448	9
448	15
449	18
450	24
451	1
452	2
452	6
453	9
454	1
454	15
454	20
455	1
456	1
456	5
456	20
456	29
457	1
457	15
457	20
458	8
459	8
460	1
461	9
462	8
463	1
464	1
465	1
466	1
466	15
466	20
467	1
467	2
467	9
467	20
467	29
468	8
468	13
469	1
470	1
470	21
471	35
472	1
472	9
473	1
474	1
475	1
476	1
476	15
477	9
478	8
479	9
480	1
481	2
481	6
481	9
482	2
482	6
483	1
483	9
483	29
484	9
485	5
486	5
486	9
487	8
487	13
488	9
489	8
489	13
489	29
490	9
491	1
491	15
492	8
493	8
494	9
495	9
496	1
497	1
497	2
497	9
498	7
499	29
499	34
500	1
501	3
501	19
502	1
503	1
504	5
505	1
506	1
507	15
507	20
508	1
508	15
508	20
509	1
510	31
510	37
511	1
511	9
512	1
512	9
513	1
513	20
514	9
515	1
515	9
516	1
516	9
516	20
516	29
517	5
517	9
518	9
519	3
520	8
520	13
521	1
522	3
522	5
522	9
523	1
524	1
524	3
524	5
524	13
524	15
524	29
525	8
525	13
526	9
527	1
528	1
528	15
528	20
529	1
530	1
531	2
531	6
532	9
533	1
534	8
535	1
536	6
537	1
537	29
538	1
538	15
539	1
540	15
540	20
541	1
541	15
541	20
542	1
542	9
543	1
543	9
544	5
545	1
545	8
546	1
546	15
547	8
548	1
549	1
550	1
550	15
550	20
551	1
552	18
553	1
553	7
554	1
555	1
556	5
556	31
556	37
557	8
557	13
558	1
559	1
560	9
561	8
562	4
562	5
562	10
563	1
563	15
564	2
564	6
565	1
565	20
565	29
566	1
567	9
568	13
569	9
570	2
570	6
571	2
571	6
572	34
573	1
573	3
573	5
573	20
573	29
574	5
574	9
575	1
575	7
576	1
576	9
577	1
577	5
578	1
578	29
579	1
580	9
581	2
581	6
582	8
583	1
583	15
583	20
584	1
584	15
585	9
586	5
586	9
587	1
588	1
589	3
590	1
590	7
591	7
592	1
593	9
593	29
594	1
595	1
595	15
595	20
596	9
597	18
598	1
598	20
598	29
599	9
599	15
599	20
600	1
600	15
600	20
600	21
601	8
602	1
603	9
604	1
604	20
605	8
606	9
607	2
607	6
608	1
609	1
610	1
610	9
611	6
611	9
612	1
613	9
614	1
614	29
615	1
615	15
615	20
616	3
617	1
617	2
617	5
617	8
617	29
618	1
619	1
619	9
620	1
620	3
620	5
620	29
621	8
621	13
622	1
622	29
623	3
624	1
625	3
625	5
625	19
626	1
627	1
628	8
629	9
630	1
631	2
631	6
632	1
632	9
632	15
632	20
633	1
634	1
635	1
635	8
635	9
636	1
637	1
638	27
639	8
640	1
640	15
641	1
641	2
642	13
643	1
643	9
644	6
645	9
646	1
647	8
648	5
649	1
650	1
650	29
651	1
652	1
652	15
652	20
652	29
653	5
654	8
655	2
655	6
656	2
657	1
658	1
659	1
660	8
661	1
662	2
663	1
663	15
663	29
664	7
665	9
666	5
667	8
667	13
668	1
669	1
670	8
671	15
671	37
672	1
672	20
673	1
674	3
674	5
674	19
675	1
675	15
676	35
677	1
678	1
678	9
679	1
680	1
680	9
681	1
682	15
682	20
683	8
684	5
685	6
685	9
686	3
687	1
687	15
688	1
689	1
690	1
691	1
691	9
692	8
693	24
694	1
695	5
696	1
696	6
696	9
696	15
696	20
697	2
697	6
697	9
698	1
698	8
699	1
700	1
700	3
700	9
701	1
702	1
702	15
703	5
703	9
704	1
704	9
704	29
705	1
706	1
707	1
708	8
709	8
710	9
711	9
712	5
713	8
714	34
715	8
716	1
717	8
718	5
719	1
720	8
721	5
722	15
722	20
723	8
724	9
725	8
726	33
727	2
727	6
728	1
729	1
730	8
731	1
732	1
733	8
734	1
735	9
736	1
736	9
737	9
737	15
737	20
738	21
739	9
740	34
741	1
742	2
742	6
743	1
744	8
744	13
745	1
745	29
746	1
746	29
747	1
748	5
749	9
750	1
751	1
751	9
752	9
753	2
753	6
754	5
754	31
754	37
755	2
755	6
756	8
757	1
757	29
758	9
759	8
760	1
760	20
761	2
761	6
762	1
762	15
762	29
763	1
764	1
765	1
766	1
766	9
767	9
768	8
769	8
770	8
771	9
772	1
773	1
774	1
775	1
776	1
777	1
778	1
779	35
780	1
781	1
782	1
782	7
783	8
784	2
784	6
785	1
786	5
787	1
788	36
789	9
790	2
790	6
790	9
791	9
792	1
792	15
792	29
793	1
794	5
794	19
795	1
796	1
797	1
798	2
798	6
799	8
799	13
800	1
800	9
801	1
801	9
802	1
802	20
803	1
804	1
805	1
806	1
806	29
807	2
807	6
808	6
808	9
809	1
810	1
810	9
811	1
812	1
813	8
813	13
814	1
815	1
816	15
816	20
817	6
817	9
818	1
818	20
819	8
820	8
821	5
822	2
822	6
823	1
824	5
825	8
826	2
826	6
826	9
827	9
828	1
828	8
828	13
828	29
829	1
830	8
831	1
831	9
832	2
832	6
833	1
834	2
834	6
835	1
836	1
837	9
838	1
839	1
839	15
839	20
839	29
839	34
840	1
840	9
841	8
842	1
842	9
842	29
843	8
844	12
845	2
845	6
846	3
847	9
848	8
848	13
849	8
850	1
851	8
852	1
853	15
853	20
854	1
855	15
855	20
856	2
856	6
857	9
858	8
859	9
860	1
861	1
861	15
861	20
862	1
863	1
863	20
864	1
864	9
864	29
865	2
865	6
866	1
867	9
867	15
868	1
869	2
869	6
870	1
871	1
872	1
873	1
873	9
874	1
874	7
875	1
875	15
875	20
876	1
877	5
878	5
879	9
880	2
880	6
881	1
881	9
881	20
881	29
882	1
882	5
883	1
883	9
883	20
883	29
884	8
885	1
885	15
886	9
887	1
888	5
889	1
889	9
890	1
891	1
892	8
893	1
893	20
893	29
894	1
894	29
895	1
895	5
896	8
897	8
898	1
899	1
899	9
900	1
901	1
901	9
902	8
902	13
903	8
903	13
904	8
905	9
906	2
906	6
907	1
908	2
908	6
909	15
909	20
910	1
910	15
910	20
911	5
912	8
913	1
914	1
914	6
914	15
915	1
915	9
915	29
916	3
916	15
917	8
918	8
919	8
919	13
920	1
920	15
920	20
921	2
921	6
921	9
922	1
923	6
924	1
925	1
926	9
927	1
928	8
929	7
930	15
930	20
931	1
931	8
931	13
931	15
931	29
932	1
932	9
932	15
933	9
934	1
935	1
936	1
936	9
937	28
938	8
939	9
940	1
940	15
941	1
942	13
943	1
944	8
945	1
946	9
947	1
947	5
947	9
948	1
949	8
950	1
951	1
951	15
951	29
952	6
953	15
954	7
955	34
956	1
956	9
957	9
958	1
958	15
959	2
959	6
960	2
960	6
961	9
962	8
963	1
963	29
964	5
965	1
965	2
965	5
965	15
965	29
966	1
967	1
967	9
968	13
969	9
969	15
969	20
970	1
971	1
971	15
971	29
972	8
973	27
974	9
975	1
976	5
977	1
978	1
978	9
979	9
980	8
981	1
981	15
981	20
982	15
982	20
983	2
983	6
983	15
984	1
985	1
985	9
985	29
986	5
987	1
987	15
988	1
988	15
989	1
989	9
989	29
990	1
991	1
992	5
993	1
994	15
994	20
995	1
995	5
995	29
996	6
997	8
998	8
999	1
1000	15
1000	20
1001	8
1002	9
1003	1
1004	8
1005	15
1005	20
1006	1
1007	1
1008	1
1009	1
1009	9
1009	15
1009	29
1010	1
1010	20
1010	29
1011	1
1012	8
1012	13
1013	5
1014	1
1014	9
1015	6
1015	15
1015	20
1016	13
1017	1
1018	1
1019	1
1019	15
1019	20
1020	1
1021	8
1021	13
1021	29
1022	1
1023	6
1023	29
1024	8
1025	2
1025	6
1026	5
1026	9
1027	2
1027	6
1028	8
1029	1
1030	15
1030	20
1031	1
1031	9
1032	15
1032	20
1033	8
1034	7
1035	1
1036	1
1037	1
1037	20
1037	29
1038	1
1039	8
1040	1
1041	1
1042	1
1043	9
1044	1
1045	3
1045	5
1045	9
1046	5
1047	1
1048	9
1049	8
1050	1
1051	9
1052	1
1053	2
1054	8
1054	13
1055	15
1055	20
1056	1
1056	9
1056	15
1057	1
1057	15
1057	20
1058	15
1058	20
1059	15
1059	20
1060	1
1060	9
1060	15
1060	20
1061	8
1062	1
1063	1
1064	1
1065	8
1066	9
1067	1
1068	1
1069	3
1070	23
1071	9
1072	8
1073	8
1074	5
1075	1
1076	9
1077	1
1078	1
1078	9
1078	29
1079	8
1080	1
1081	1
1081	6
1081	20
1081	29
1081	34
1082	1
1083	1
1083	7
1084	8
1085	8
1086	2
1086	6
1087	9
1088	2
1088	6
1089	8
1090	1
1090	9
1091	1
1092	9
1093	1
1094	5
1094	9
1095	34
1096	1
1097	1
1098	29
1099	1
1099	15
1099	20
1100	8
1101	1
1101	15
1102	1
1103	37
1104	8
1105	1
1105	20
1106	1
1107	1
1107	5
1107	9
1107	30
1108	1
1109	37
1110	24
1111	2
1111	6
1111	9
1112	1
1112	15
1113	15
1113	20
1114	1
1114	7
1115	2
1115	6
1116	8
1116	13
1117	1
1118	1
1118	15
1119	1
1120	1
1120	9
1120	29
1121	9
1122	9
1123	1
1123	15
1123	20
1124	2
1124	6
1124	9
1125	1
1126	8
1127	8
1128	1
1129	9
1130	1
1131	2
1131	6
1132	9
1133	2
1133	6
1134	1
1134	5
1134	20
1134	29
1135	1
1135	2
1135	6
1135	15
1136	2
1136	6
1137	2
1137	6
1138	1
1139	8
1140	2
1140	6
1141	13
1142	1
1142	8
1142	13
1142	15
1142	29
1143	7
1144	1
1145	1
1145	9
1146	2
1146	6
1147	9
1148	2
1148	6
1149	8
1150	9
1151	8
1152	1
1153	1
1154	1
1155	8
1156	1
1157	2
1157	6
1158	8
1159	1
1160	8
1161	8
1162	1
1162	9
1162	20
1163	9
1164	13
1165	7
1166	15
1166	20
1167	1
1168	9
1169	7
1170	1
1170	15
1171	1
1171	9
1171	29
1172	15
1172	20
1173	9
1174	15
1174	20
1175	1
1176	9
1177	8
1178	1
1178	15
1179	6
1180	9
1181	8
1181	13
1182	9
1183	8
1184	9
1185	8
1185	13
1186	2
1186	6
1187	1
1188	9
1189	9
1190	1
1191	8
1192	2
1192	6
1192	9
1193	1
1193	15
1193	20
1194	15
1194	20
1195	8
1196	1
1196	15
1196	20
1197	1
1198	13
1199	8
1200	2
1201	8
1202	1
1203	5
1204	1
1204	29
1205	34
1206	15
1207	8
1208	7
1209	8
1210	5
1210	9
1211	9
1212	8
1213	9
1214	1
1214	15
1215	1
1216	10
1217	5
1218	2
1218	6
1218	9
1219	5
1220	8
1221	1
1222	1
1223	1
1223	29
1224	8
1225	1
1226	1
1227	5
1228	1
1229	1
1230	1
1231	1
1232	13
1233	9
1234	8
1235	15
1235	20
1236	1
1237	1
1238	1
1239	1
1239	15
1240	9
1241	1
1242	2
1242	6
1243	8
1244	5
1245	2
1245	6
1246	2
1246	6
1247	5
1248	1
1249	1
1250	1
1250	15
1250	20
1251	5
1252	1
1252	29
1253	3
1254	2
1254	6
1255	1
1256	2
1257	5
1258	9
1259	5
1259	10
1260	1
1261	1
1262	5
1263	2
1263	6
1263	9
1264	8
1265	1
1266	8
1267	8
1268	1
1269	1
1270	1
1270	8
1270	9
1270	29
1271	1
1272	1
1273	1
1273	15
1273	20
1274	9
1275	1
1275	9
1276	1
1277	1
1277	9
1278	8
1279	1
1280	8
1281	15
1281	20
1282	1
1283	1
1284	15
1284	20
1285	7
1286	1
1287	1
1288	1
1289	1
1290	8
1291	1
1292	1
1293	6
1294	1
1295	1
1296	1
1296	7
1296	9
1297	5
1298	2
1298	6
1298	9
1299	1
1300	1
1300	15
1301	1
1301	5
1301	15
1302	9
1303	1
1304	1
1305	1
1305	15
1305	20
1306	1
1306	7
1307	5
1307	9
1308	1
1308	5
1309	1
1309	9
1310	1
1311	8
1312	8
1313	1
1314	1
1315	1
1316	1
1316	9
1317	1
1317	29
1318	1
1318	15
1319	1
1319	9
1320	8
1320	13
1321	2
1321	6
1322	1
1323	1
1324	9
1325	1
1326	8
1326	13
1327	8
1327	13
1328	34
1329	5
1330	3
1330	5
1331	1
1332	1
1333	8
1334	5
1335	1
1335	15
1336	1
1336	29
1337	8
1338	1
1338	29
1339	2
1339	6
1340	8
1341	1
1342	8
1342	13
1343	8
1344	8
1345	15
1345	20
1346	8
1347	8
1348	2
1348	6
1349	15
1349	20
1350	13
1351	1
1351	9
1352	9
1353	1
1353	20
1353	29
1354	1
1355	34
1356	1
1357	8
1358	1
1359	8
1360	9
1361	8
1362	5
1363	1
1363	2
1363	6
1363	15
1364	1
1364	29
1365	1
1366	8
1367	13
1368	13
1369	1
1369	15
1369	20
1370	8
1371	1
1371	2
1371	29
1372	8
1373	35
1374	8
1375	1
1375	15
1375	20
1376	1
1376	7
1377	1
1378	26
1379	1
1380	1
1381	1
1381	20
1382	9
1383	1
1383	15
1384	8
1385	1
1385	15
1386	1
1387	8
1388	1
1389	1
1389	15
1390	2
1390	6
1391	9
1392	8
1392	29
1393	2
1393	6
1394	34
1395	1
1395	29
1396	1
1396	2
1396	6
1396	20
1397	1
1398	8
1399	1
1400	1
1401	1
1402	5
1403	8
1404	5
1405	6
1405	9
1406	1
1407	1
1408	2
1408	6
1408	9
1409	2
1409	6
1410	5
1411	1
1411	29
1411	34
1412	1
1412	29
1413	1
1413	9
1413	29
1414	2
1414	6
1414	9
1415	8
1416	9
1417	9
1418	8
1419	1
1420	6
1421	1
1421	29
1422	5
1423	1
1424	1
1425	1
1425	15
1425	29
1426	1
1426	15
1427	8
1428	2
1428	6
1429	1
1429	15
1430	8
1430	13
1431	9
1432	1
1433	1
1434	1
1435	1
1436	2
1436	6
1436	9
1437	2
1437	6
1438	1
1438	9
1439	7
1440	1
1441	1
1441	29
1442	8
1443	1
1444	15
1444	20
1445	1
1445	9
1445	29
1446	1
1447	7
1448	9
1449	2
1449	6
1450	2
1450	6
1451	2
1451	6
1452	1
1452	9
1452	29
1453	9
1454	1
1454	29
1455	15
1455	20
1456	1
1456	15
1456	20
1457	1
1458	1
1459	1
1460	1
1461	1
1461	29
1462	9
1463	9
1464	1
1465	1
1466	5
1467	8
1468	2
1468	6
1468	9
1469	1
1470	1
1470	29
1471	3
1472	8
1473	8
1474	1
1474	9
1475	9
1476	1
1476	7
1477	9
1478	1
1479	1
1480	7
1481	9
1482	1
1482	15
1483	2
1484	15
1484	20
1485	1
1486	1
1487	8
1488	1
1488	9
1489	1
1490	2
1490	6
1491	2
1491	6
1492	1
1492	15
1492	20
1493	8
1494	1
1495	8
1496	8
1497	7
1497	9
1498	1
1499	9
1500	1
1501	1
1502	35
1503	1
1503	5
1503	29
1504	1
1504	7
1505	35
1506	8
1507	1
1508	3
1509	1
1510	6
1510	9
1511	1
1512	1
1513	8
1514	1
1515	1
1516	1
1517	1
1518	2
1518	6
1519	2
1519	6
1519	9
1520	1
1521	2
1521	6
1522	1
1523	1
1523	15
1523	20
1524	5
1525	1
1526	1
1526	9
1527	9
1528	1
1528	9
1529	8
1530	1
1530	9
1530	29
1531	1
1532	5
1533	9
1534	8
1535	13
1536	2
1536	6
1537	1
1538	1
1539	8
1540	1
1541	1
1541	15
1542	1
1542	7
1543	1
1544	1
1544	9
1544	29
1545	2
1545	6
1546	8
1547	1
1548	1
1549	1
1549	9
1549	20
1549	29
1550	2
1550	6
1551	9
1552	8
1553	9
1554	1
1555	1
1556	1
1556	15
1556	20
1557	1
1557	15
1558	8
1558	9
1558	29
1559	7
1560	2
1560	6
1561	8
1562	9
1563	8
1564	1
1565	1
1565	15
1566	1
1566	15
1567	1
1567	20
1568	1
1568	2
1568	29
1569	15
1569	20
1570	9
1571	29
1572	1
1572	8
1572	29
1573	1
1574	1
1574	7
1575	9
1576	1
1577	8
1577	29
1578	1
1579	1
1580	7
1581	1
1582	29
1582	33
1583	8
1584	1
1585	1
1586	1
1586	15
1587	2
1587	6
1588	1
1589	1
1590	9
1591	1
1592	5
1593	5
1594	1
1595	9
1596	5
1597	8
1598	6
1598	9
1599	15
1599	20
1600	1
1600	20
1601	1
1602	35
1603	1
1604	1
1604	20
1604	29
1605	1
1605	9
1606	8
1607	1
1608	1
1609	1
1609	29
1610	4
1610	29
1610	34
1611	1
1611	29
1612	1
1613	8
1614	1
1614	9
1615	1
1616	1
1616	15
1616	20
1617	2
1617	6
1617	9
1618	1
1618	9
1618	29
1619	9
1620	1
1620	9
1621	8
1621	29
1622	1
1622	15
1623	1
1624	9
1625	1
1625	9
1626	9
1627	1
1628	35
1629	1
1630	1
1631	1
1632	9
1633	1
1633	8
1633	13
1634	2
1634	6
1635	37
1636	24
1637	2
1637	6
1638	15
1638	20
1639	8
1640	1
1641	1
1642	9
1643	5
1644	1
1645	8
1646	9
1647	1
1648	9
1649	2
1650	1
1650	7
1651	8
1652	8
1653	8
1654	1
1655	1
1656	9
1657	1
1658	1
1658	20
1659	1
1660	5
1661	1
1662	13
1663	9
1664	6
1665	1
1666	1
1667	1
1668	1
1668	2
1668	6
1668	15
1669	1
1669	15
1669	20
1670	1
1671	8
1672	8
1673	1
1674	8
1674	9
1674	13
1674	29
1675	1
1676	8
1677	9
1678	8
1679	9
1680	2
1680	6
1681	1
1681	9
1681	29
1682	9
1683	9
1684	1
1685	1
1685	29
1686	1
1687	1
1688	8
1688	13
1689	9
1690	1
1691	7
1692	1
1693	15
1693	20
1694	8
1694	13
1695	1
1696	2
1696	6
1696	9
1697	9
1698	1
1698	29
1699	1
1700	13
1701	5
1701	20
1702	1
1703	2
1703	6
1704	5
1705	1
1705	29
1706	8
1707	13
1708	1
1709	1
1710	1
1711	15
1711	20
1712	9
1713	9
1714	1
1714	29
1715	8
1715	13
1716	1
1716	15
1717	8
1718	2
1718	6
1719	1
1720	1
1721	1
1721	9
1722	2
1722	6
1723	8
1724	34
1725	1
1726	7
1727	1
1727	15
1728	1
1729	1
1730	1
1730	2
1730	29
1731	1
1731	15
1731	20
1732	15
1732	20
1733	2
1733	6
1734	8
1735	9
1736	13
1737	7
1738	1
1739	1
1740	1
1741	8
1742	8
1743	1
1744	8
1745	2
1745	6
1746	2
1746	6
1747	8
1748	15
1749	2
1749	6
1750	8
1751	9
1752	1
1753	9
1754	9
1755	1
1755	15
1755	20
1756	33
1756	39
1757	1
1758	1
1758	8
1759	35
1760	2
1760	6
1761	8
1762	1
1763	5
1764	1
1765	2
1765	6
1766	5
1767	3
1768	1
1768	9
1769	9
1770	8
1770	13
1771	9
1772	1
1773	8
1774	1
1774	15
1775	2
1776	2
1776	6
1777	1
1777	15
1778	8
1778	13
1779	1
1779	9
1779	20
1780	1
1780	13
1780	20
1781	1
1781	5
1781	20
1781	29
1782	1
1783	7
1783	9
1784	9
1785	9
1786	1
1787	8
1788	1
1788	15
1789	1
1790	1
1790	29
1791	8
1791	29
1792	1
1793	1
1793	15
1793	20
1793	29
1794	2
1794	6
1795	1
1796	9
1797	13
1798	9
1799	1
1799	15
1799	20
1800	1
1800	15
1801	8
1802	9
1803	7
1804	1
1804	9
1805	9
1806	1
1807	13
1808	9
1809	1
1810	37
1811	1
1812	8
1813	9
1814	1
1814	9
1814	15
1815	1
1816	1
1817	1
1817	9
1818	1
1819	1
1819	7
1820	1
1820	29
1821	1
1822	1
1823	9
1824	1
1825	4
1825	10
1826	9
1827	29
1828	9
1829	34
1830	8
1831	15
1831	20
1832	1
1832	15
1832	20
1833	1
1834	2
1834	6
1835	1
1835	8
1835	9
1835	29
1836	1
1837	1
1838	6
1839	1
1839	29
1840	1
1841	1
1842	1
1843	9
1844	2
1844	6
1845	5
1846	9
1847	8
1848	2
1848	6
1848	9
1849	5
1850	9
1851	15
1851	20
1852	2
1852	6
1852	9
1853	13
1854	8
1855	1
1856	5
1857	1
1858	1
1858	9
1859	1
1859	15
1859	20
1860	1
1860	9
1861	2
1861	6
1862	1
1863	2
1863	6
1863	9
1864	29
1865	1
1866	1
1866	9
1867	1
1867	29
1868	1
1869	2
1869	6
1869	9
1870	1
1870	6
1871	1
1871	7
1872	8
1873	1
1873	9
1874	9
1875	1
1876	1
1877	5
1878	8
1879	1
1880	1
1881	8
1882	7
1883	1
1884	1
1884	9
1884	29
1885	1
1885	20
1886	1
1886	29
1887	1
1888	1
1889	1
1890	1
1890	9
1890	29
1891	1
1892	8
1893	1
1894	1
1895	1
1896	1
1896	15
1897	1
1898	1
1898	29
1899	1
1900	9
1901	9
1902	9
1903	1
1904	1
1905	1
1906	1
1907	1
1908	15
1909	1
1909	9
1910	9
1911	1
1912	8
1913	1
1913	7
1913	9
1914	5
1915	8
1916	1
1916	29
1917	1
1917	8
1917	9
1918	2
1918	6
1919	3
1919	5
1920	1
1920	15
1920	29
1921	7
1922	1
1923	1
1923	9
1923	29
1924	8
1925	3
1926	9
1927	1
1927	29
1928	9
1929	1
1929	8
1929	13
1930	2
1930	6
1931	9
1932	1
1932	8
1932	13
1932	29
1933	8
1934	1
1935	1
1935	7
1936	1
1937	3
1938	9
1939	1
1940	8
1941	8
1942	1
1943	1
1944	1
1945	1
1946	1
1946	7
1947	1
1948	1
1948	15
1948	29
1949	1
1949	15
1950	8
1951	1
1952	1
1953	1
1954	1
1955	5
1956	6
1956	9
1957	8
1958	9
1959	1
1960	1
1961	2
1961	6
1961	9
1962	1
1963	8
1964	6
1964	9
1965	8
1966	1
1967	2
1967	6
1968	2
1968	6
1969	1
1969	15
1970	8
1971	1
1972	13
1973	8
1974	1
1974	5
1974	29
1975	9
1976	1
1976	8
1976	13
1977	9
1978	1
1978	15
1979	8
1979	13
1980	1
1981	15
1981	20
1982	1
1983	13
1984	1
1985	2
1985	6
1986	5
1987	6
1988	7
1989	1
1990	1
1991	1
1991	7
1992	1
1992	9
1993	1
1993	15
1993	29
1994	5
1995	9
1996	2
1996	6
1996	9
1997	1
1998	1
1999	5
2000	1
2001	1
2002	1
2003	2
2003	6
2004	1
2005	1
2005	15
2005	20
2006	1
2006	29
2007	1
2007	29
2008	2
2008	6
2009	1
2010	1
2011	9
2012	1
2012	9
2013	1
2013	9
2014	8
2015	1
2016	1
2017	8
2018	7
2019	9
2020	2
2020	6
2021	1
2022	9
2023	1
2023	7
2024	1
2025	1
2025	29
2026	9
2027	8
2028	1
2029	1
2030	9
2031	9
2032	18
2033	1
2033	29
2034	9
2035	1
2036	8
2037	9
2037	29
2038	8
2039	1
2039	8
2040	9
2041	1
2042	9
2043	9
2044	8
2045	2
2045	6
2045	9
2046	1
2047	1
2048	2
2048	6
2049	5
2049	15
2050	1
2051	1
2052	1
2053	34
2054	13
2055	7
2056	1
2057	1
2058	9
2059	1
2060	1
2061	37
2062	9
2063	8
2064	7
2065	1
2065	29
2066	2
2066	6
2067	8
2067	13
2068	1
2069	2
2069	6
2070	1
2070	9
2070	29
2071	8
2072	9
2073	1
2073	29
2074	8
2075	1
2075	29
2076	9
2077	1
2077	9
2078	1
2078	9
2078	29
2079	1
2080	5
2081	1
2081	9
2082	8
2082	13
2082	29
2083	1
2084	2
2084	6
2085	8
2086	1
2087	1
2087	7
2088	1
2089	1
2090	1
2091	1
2092	1
2093	1
2094	1
2095	1
2096	9
2097	8
2098	2
2098	6
2099	1
2100	2
2100	6
2101	1
2102	1
2103	1
2103	15
2104	1
2104	15
2105	1
2106	1
2107	1
2107	6
2108	8
2109	5
2110	1
2111	5
2112	15
2112	20
2113	7
2114	2
2114	6
2115	1
2115	20
2116	9
2117	2
2117	6
2118	1
2119	5
2120	1
2121	7
2122	9
2123	8
2124	8
2125	1
2125	2
2126	1
2127	8
2128	2
2128	6
2129	9
2130	1
2130	9
2130	29
2131	2
2132	1
2132	8
2133	9
2134	8
2135	37
2136	2
2136	6
2137	1
2137	9
2137	15
2138	1
2138	9
2139	1
2140	2
2141	8
2142	1
2143	8
2144	1
2144	15
2145	7
2146	2
2146	6
2147	1
2148	1
2149	1
2149	7
2150	9
2151	8
2152	1
2153	1
2154	1
2155	8
2156	1
2157	15
2157	20
2158	7
2159	1
2160	8
2160	13
2161	1
2161	9
2162	1
2162	9
2162	20
2163	9
2164	9
2165	3
2166	1
2166	9
2167	8
2168	1
2169	1
2170	1
2170	20
2170	29
2171	9
2172	9
2173	9
2174	9
2175	1
2176	1
2177	1
2177	7
2178	9
2179	1
2179	29
2180	3
2181	1
2181	9
2181	29
2182	8
2182	13
2183	8
2184	1
2184	29
2185	9
2186	15
2186	20
2187	1
2188	2
2189	6
2190	2
2191	9
2192	1
2192	20
2193	2
2193	6
2194	29
2195	1
2195	29
2196	8
2197	8
2198	1
2198	20
2199	5
2200	2
2200	6
2200	9
2201	8
2201	29
2202	1
2203	9
2204	1
2205	8
2206	2
2206	6
2207	1
2208	9
2209	15
2209	20
2210	8
2210	13
2211	1
2211	29
2212	1
2213	1
2214	1
2215	13
2216	9
2217	1
2217	15
2217	29
2218	1
2219	8
2220	9
2221	8
2222	1
2222	15
2223	9
2224	37
2225	9
2226	1
2226	29
2227	1
2227	29
2228	1
2229	2
2229	6
2230	8
2231	1
2232	8
2233	1
2234	2
2234	6
2235	1
2236	1
2236	29
2237	1
2238	1
2239	1
2239	15
2239	20
2240	1
2241	1
2242	8
2243	1
2244	1
2245	13
2246	8
2247	1
2247	9
2248	2
2248	6
2249	1
2250	8
2251	1
2251	29
2252	2
2252	6
2253	8
2254	8
2255	1
2255	9
2255	15
2255	20
2256	1
2257	1
2258	2
2258	6
2259	13
2260	1
2261	4
2261	29
2262	8
2263	1
2264	7
2265	2
2265	6
2266	8
2267	8
2268	8
2269	2
2270	8
2271	1
2271	9
2271	29
2272	8
2273	9
2274	15
2274	20
2275	15
2276	2
2276	6
2277	1
2278	15
2279	13
2280	5
2281	5
2282	1
2283	8
2284	5
2284	9
2285	1
2285	9
2286	1
2287	15
2287	20
2288	1
2288	7
2289	1
2290	1
2290	7
2291	1
2292	13
2293	8
2294	8
2295	1
2296	1
2296	7
2296	9
2297	2
2297	6
2298	2
2298	6
2298	9
2299	1
2299	9
2300	1
2300	29
2301	8
2302	2
2302	6
2303	1
2304	1
2305	2
2305	6
2306	1
2307	1
2308	8
2308	13
2309	8
2310	5
2311	1
2312	5
2313	9
2314	8
2315	8
2316	1
2316	9
2317	8
2318	1
2319	1
2320	33
2321	2
2321	6
2322	2
2322	6
2323	2
2323	6
2324	1
2325	1
2326	1
2327	9
2328	1
2329	1
2330	2
2330	6
2330	9
2331	15
2331	20
2332	9
2333	1
2334	2
2334	6
2335	1
2336	8
2337	9
2338	1
2339	1
2340	2
2340	6
2341	1
2341	20
2341	29
2342	1
2343	4
2343	29
2344	13
2345	8
2345	13
2346	1
2347	1
2347	29
2348	1
2349	8
2350	2
2350	6
2351	2
2351	6
2352	1
2352	9
2353	8
2353	15
2354	8
2354	13
2355	8
2356	1
2356	15
2356	20
2357	1
2358	15
2359	1
2360	9
2361	9
2362	9
2363	8
2364	9
2365	8
2366	15
2366	20
2367	7
2367	9
2368	1
2369	1
2370	1
2370	29
2371	1
2371	9
2371	29
2372	1
2372	9
2373	1
2373	5
2374	8
2375	2
2375	6
2376	5
2377	1
2378	8
2379	2
2379	6
2380	8
2381	8
2382	9
2383	9
2384	2
2384	6
2385	1
2386	1
2387	1
2388	1
2389	2
2389	6
2390	8
2391	1
2391	15
2392	8
2393	1
2393	9
2394	2
2394	6
2395	9
2396	8
2397	1
2398	15
2399	8
2400	7
2401	15
2402	9
2403	1
2404	1
2404	15
2405	9
2405	29
2406	1
2407	8
2408	15
2408	20
2409	1
2410	1
2410	9
2411	8
2412	5
2413	8
2414	9
2415	5
2416	1
2416	29
2417	2
2417	6
2418	7
2419	1
2420	1
2420	29
2421	1
2421	15
2421	20
2422	1
2423	6
2424	2
2424	6
2425	5
2426	7
2427	8
2428	1
2429	9
2430	7
2431	9
2432	5
2433	7
2434	2
2434	6
2435	2
2435	6
2436	2
2436	6
2437	8
2438	1
2439	1
2439	2
2440	2
2440	6
2441	8
2441	13
2442	1
2443	1
2444	8
2445	9
2445	15
2446	1
2446	7
2447	13
2448	2
2448	6
2449	1
2449	15
2449	20
2450	1
2450	15
2451	1
2451	15
2452	8
2452	13
2453	1
2454	1
2455	9
2456	1
2456	29
2457	9
2457	15
2458	1
2459	8
2460	5
2461	1
2462	8
2462	13
2463	1
2464	8
2465	1
2466	9
2467	1
2468	9
2469	1
2469	9
2470	9
2471	1
2472	1
2473	9
2474	5
2475	2
2475	6
2476	2
2476	6
2477	1
2478	1
2478	15
2479	1
2480	9
2481	1
2482	1
2483	1
2483	15
2484	1
2484	29
2485	1
2486	1
2487	1
2488	5
2489	1
2489	7
2490	2
2490	6
2491	1
2492	9
2493	1
2493	9
2493	29
2494	9
2495	9
2496	8
2497	1
2498	1
2499	1
2499	29
2500	8
2501	1
2501	20
2502	1
2503	8
2504	9
2505	1
2506	1
2507	1
2508	1
2509	1
2509	5
2510	5
2511	2
2511	6
2511	9
2512	1
2513	2
2513	6
2514	1
2514	9
2515	8
2515	13
2516	1
2517	15
2517	20
2518	1
2518	9
2519	1
2519	9
2520	8
2521	1
2521	15
2521	20
2521	29
2522	3
2523	9
2524	1
2525	8
2525	29
2526	1
2526	5
2527	1
2528	1
2529	8
2529	13
2530	8
2530	29
2531	1
2531	29
2532	1
2533	9
2534	15
2534	20
2535	8
2536	8
2537	6
2538	1
2539	2
2539	15
2540	1
2540	29
2541	1
2542	6
2543	1
2544	1
2544	29
2545	1
2546	9
2547	1
2547	9
2548	8
2549	2
2550	1
2551	1
2552	9
2553	1
2554	8
2555	21
2556	1
2556	9
2557	1
2558	1
2559	1
2559	15
2560	1
2561	1
2562	1
2563	1
2564	1
2565	1
2566	1
2567	8
2567	13
2567	29
2568	15
2569	1
2569	9
2570	9
2571	1
2572	1
2573	1
2573	15
2574	1
2574	9
2575	1
2576	8
2577	1
2578	2
2578	6
2579	1
2580	20
2581	8
2582	1
2583	9
2584	9
2585	7
2586	13
2587	2
2587	6
2587	9
2588	8
2588	13
2589	2
2589	9
2590	1
2591	1
2592	1
2593	1
2594	7
2595	1
2596	1
2596	2
2596	6
2597	1
2597	15
2597	20
2598	1
2598	15
2599	1
2599	9
2599	29
2600	8
2600	13
2601	7
2602	1
2603	15
2603	20
2604	1
2604	15
2605	2
2606	1
2606	29
2607	9
2608	1
2609	15
2610	8
2611	13
2612	7
2613	2
2613	6
2614	1
2615	13
2616	1
2617	7
2618	6
2619	1
2619	15
2620	20
2621	8
2622	1
2623	2
2624	7
2625	6
2625	9
2626	1
2626	15
2627	1
2628	2
2628	6
2629	8
2630	8
2631	1
2632	9
2633	1
2633	29
2634	2
2634	6
2635	24
2636	9
2637	9
2638	1
2639	5
2639	9
2640	2
2640	6
2641	1
2641	29
2642	1
2643	15
2643	20
2644	1
2644	15
2645	2
2645	6
2646	1
2647	15
2648	1
2649	9
2650	1
2651	1
2652	1
2652	9
2653	8
2654	9
2655	1
2655	29
2656	1
2656	29
2657	1
2658	1
2658	29
2659	2
2659	6
2660	1
2661	15
2661	20
2662	2
2662	6
2663	9
2664	1
2665	6
2666	2
2666	6
2667	1
2667	9
2668	5
2669	2
2669	6
2670	8
2671	5
2672	8
2673	8
2674	8
2675	9
2676	2
2677	1
2678	1
2679	5
2680	8
2681	8
2682	1
2683	9
2684	1
2685	1
2686	1
2687	1
2688	8
2689	8
2690	9
2691	9
2692	1
2693	1
2693	29
2694	7
2695	1
2696	1
2697	13
2698	2
2698	6
2699	8
2700	1
2701	15
2702	1
2703	13
2704	1
2704	7
2705	13
2706	9
2707	1
2708	8
2708	29
2709	7
2710	9
2711	1
2712	1
2712	15
2713	1
2714	1
2715	1
2715	29
2716	29
2717	1
2717	29
2718	1
2719	1
2719	29
2720	1
2721	1
2722	1
2723	9
2724	2
2724	6
2724	9
2725	1
2726	5
2727	1
2728	2
2728	6
2729	9
2730	1
2730	9
2731	2
2731	6
2732	1
2733	1
2734	1
2735	8
2736	1
2736	15
2737	1
2737	20
2737	29
2738	1
2739	1
2740	1
2740	29
2741	8
2741	29
2742	1
2743	1
2743	9
2743	29
2744	1
2744	9
2744	29
2745	15
2746	1
2746	7
2747	8
2748	8
2749	1
2750	8
2751	8
2752	1
2752	29
2753	1
2754	1
2755	1
2756	9
2757	6
2758	9
2759	1
2760	8
2761	29
2762	1
2763	1
2763	20
2764	1
2765	1
2765	15
2765	29
2766	1
2767	15
2767	20
2768	2
2768	6
2769	1
2769	5
2769	8
2769	15
2770	9
2770	15
2770	20
2771	1
2772	1
2772	29
2773	9
2774	1
2774	29
2775	8
2776	1
2776	8
2777	1
2778	18
2779	9
2780	9
2781	5
2782	8
2783	8
2784	1
2784	8
2785	9
2785	29
2786	9
2787	8
2788	1
2788	7
2789	8
2790	1
2790	15
2790	29
2791	1
2792	1
2793	29
2794	1
2795	2
2795	6
2795	9
2796	1
2797	29
2798	29
2799	9
2800	1
2801	1
2801	9
2801	29
2802	5
2803	2
2803	6
2804	9
2805	7
2805	9
2806	1
2807	1
2807	29
2808	5
2809	9
2810	6
2811	1
2812	1
2813	1
2813	9
2814	1
2814	20
2815	8
2815	13
2816	9
2817	9
2818	15
2818	20
2819	1
2820	8
2821	6
2821	9
2822	1
2822	20
2823	29
2824	1
2824	2
2824	9
2824	20
2825	1
2825	15
2826	1
2826	29
2827	1
2828	8
2829	9
2829	29
2830	1
2831	1
2831	29
2832	2
2832	6
2833	1
2833	5
2833	9
2834	1
2834	15
2835	7
2836	5
2837	5
2838	9
2839	1
2840	9
2841	5
2842	8
2843	5
2844	15
2844	20
2845	1
2845	8
2846	2
2846	9
2847	8
2848	9
2849	1
2850	8
2851	1
2852	1
2852	9
2853	8
2854	2
2854	6
2855	1
2856	1
2857	1
2858	1
2859	1
2860	1
2860	7
2861	1
2862	1
2863	1
2863	9
2864	9
2865	6
2865	9
2866	1
2867	15
2867	20
2868	13
2869	9
2870	6
2870	9
2871	1
2872	5
2873	8
2874	8
2875	1
2876	9
2877	2
2877	6
2878	8
2878	13
2879	1
2880	1
2881	1
2882	1
2882	7
2883	9
2884	1
2884	7
2885	1
2885	15
2885	20
2886	1
2887	1
2888	1
2888	29
2889	1
2889	29
2890	2
2891	1
2892	5
2893	1
2894	7
2895	1
2896	1
2896	9
2896	29
2897	9
2898	8
2899	1
2900	8
2901	9
2902	5
2903	8
2904	8
2905	5
2906	1
2907	8
2908	1
2909	9
2910	5
2911	5
2912	1
2913	1
2914	9
2915	2
2915	6
2916	1
2916	9
2917	1
2918	15
2918	20
2919	1
2919	15
2920	29
2921	9
2922	1
2923	1
2923	7
2924	13
2925	1
2926	9
2927	1
2928	1
2929	2
2929	6
2930	9
2931	8
2932	5
2933	2
2933	6
2934	8
2934	13
2935	8
2936	9
2937	5
2938	1
2939	6
2939	9
2940	8
2941	6
2942	1
2943	1
2943	9
2944	1
2944	29
2945	8
2946	8
2947	2
2947	6
2948	13
2949	1
2950	1
2951	1
2952	8
2953	9
2954	1
2955	8
2956	8
2957	2
2957	6
2957	9
2958	15
2958	20
2959	8
2960	2
2960	6
2961	8
2962	1
2963	1
2963	8
2964	5
2965	1
2966	1
2966	8
2966	15
2967	1
2967	29
2968	9
2969	1
2970	1
2971	1
2972	6
2973	9
2974	33
2975	8
2976	1
2977	8
2978	8
2979	1
2979	29
2980	15
2980	20
2981	1
2981	29
2982	9
2983	15
2983	20
2984	8
2985	8
2986	37
2987	1
2988	1
2988	15
2988	20
2989	5
2989	9
2990	1
2991	13
2992	1
2992	2
2992	6
2992	29
2993	9
2994	5
2995	1
2995	15
2996	1
2997	1
2998	9
2999	5
3000	7
3001	1
3001	29
3002	6
3003	5
3004	6
3005	9
3006	8
3007	1
3008	8
3009	9
3010	15
3010	20
3011	1
3012	9
3013	2
3013	6
3014	1
3015	1
3015	15
3016	1
3016	5
3016	29
3017	6
3017	9
3018	8
3019	9
3019	29
3020	8
3021	1
3022	5
3023	1
3024	1
3024	5
3024	29
3025	1
3026	1
3027	1
3028	1
3029	1
3029	29
3030	1
3031	8
3031	13
3032	1
3032	29
3033	1
3034	1
3034	9
3035	7
3036	1
3037	1
3038	1
3039	8
3040	8
3041	1
3042	1
3042	15
3043	2
3044	9
3044	29
3045	2
3045	6
3046	15
3047	1
3048	1
3048	9
3049	8
3049	13
3050	15
3050	20
3051	1
3052	9
3053	1
3053	5
3053	29
3054	1
3055	2
3055	6
3056	15
3056	20
3057	2
3057	6
3058	7
3059	2
3059	6
3060	1
3060	29
3061	9
3062	8
3062	29
3063	1
3064	1
3065	9
3066	1
3067	9
3067	29
3068	1
3069	9
3070	8
3071	1
3072	1
3072	15
3073	1
3074	8
3075	1
3076	9
3077	8
3078	2
3078	6
3079	1
3080	1
3081	1
3081	9
3082	1
3083	1
3084	1
3085	1
3086	1
3087	7
3087	9
3088	1
3088	15
3089	1
3090	1
3090	8
3091	1
3091	9
3092	13
3093	8
3094	1
3095	7
3096	1
3097	13
3098	7
3099	8
3100	1
3101	2
3101	6
3102	1
3103	1
3104	15
3104	20
3105	1
3105	15
3106	1
3107	1
3108	2
3108	6
3109	1
3110	1
3111	5
3112	8
3113	20
3113	29
3114	8
3115	1
3116	9
3117	2
3117	6
3118	1
3119	1
3120	1
3121	1
3122	8
3123	8
3124	1
3125	1
3125	3
3125	20
3126	1
3127	8
3128	1
3129	8
3130	1
3130	9
3131	1
3132	8
3133	1
3134	1
3135	1
3136	9
3137	2
3137	6
3138	1
3139	1
3140	8
3141	9
3142	6
3143	1
3144	7
3145	6
3145	9
3146	9
3147	9
3148	1
3149	5
3150	15
3150	20
3151	15
3151	20
3152	2
3152	6
3153	15
3153	20
3154	8
3155	1
3155	9
3156	9
3157	7
3158	1
3159	1
3160	8
3161	9
3162	1
3163	1
3163	15
3164	7
3164	9
3165	1
3165	29
3166	9
3166	15
3167	6
3168	1
3169	8
3170	13
3171	9
3172	1
3173	9
3174	9
3175	1
3176	1
3177	1
3177	8
3178	1
3178	29
3179	1
3179	29
3180	1
3181	6
3182	1
3183	1
3184	8
3185	6
3186	1
3187	8
3188	8
3189	8
3190	1
3191	6
3192	15
3192	20
3193	2
3193	6
3194	8
3194	15
3194	29
3195	1
3196	1
3196	29
3197	15
3197	20
3198	1
3199	6
3200	2
3200	6
3201	1
3202	9
3203	8
3204	15
3205	9
3206	29
3207	8
3208	1
3209	8
3210	8
3211	9
3212	8
3213	13
3214	6
3215	15
3215	20
3216	8
3217	15
3218	9
3219	2
3219	6
3220	8
3221	9
3222	9
3223	1
3224	8
3225	6
3226	20
3227	1
3228	1
3228	15
3229	6
3230	1
3231	9
3232	8
3233	8
3234	1
3235	9
3236	9
3237	8
3238	15
3238	20
3239	1
3240	1
3240	9
3241	1
3242	8
3243	15
3244	2
3244	6
3244	9
3245	6
3246	1
3247	7
3248	8
3249	1
3249	15
3250	1
3251	6
3252	15
3253	1
3254	8
3255	9
3256	9
3256	29
3257	1
3257	15
3258	1
3259	9
3260	15
3260	20
3261	6
3262	8
3263	15
3264	13
3265	15
3266	2
3266	6
3267	1
3268	8
3268	13
3269	8
3270	6
3271	8
3272	1
3272	5
3272	29
3273	9
3274	29
3275	1
3276	9
3277	1
3278	1
3279	1
3280	1
3281	8
3282	1
3283	8
3284	37
3285	1
3286	1
3286	20
3287	2
3287	6
3288	1
3288	29
3289	2
3290	1
3290	5
3291	1
3291	15
3291	20
3292	5
3293	1
3294	1
3294	29
3295	2
3295	9
3295	29
3296	1
3296	9
3297	8
3297	13
3298	8
3299	1
3299	7
3300	9
3301	8
3302	13
3303	1
3304	1
3305	6
3306	1
3306	7
3307	8
3308	15
3308	20
3309	1
3310	1
3310	29
3311	1
3312	1
3313	6
3314	1
3315	1
3315	20
3315	29
3316	15
3317	1
3317	7
3318	1
3319	1
3319	6
3320	9
3321	13
3322	1
3323	8
3324	2
3324	6
3325	1
3326	1
3327	9
3327	20
3327	29
3328	9
3329	1
3330	9
3330	29
3331	1
3332	1
3332	9
3333	1
3334	2
3334	6
3335	1
3336	2
3336	6
3337	15
3337	20
3338	6
3338	9
3339	8
3340	1
3341	15
3342	9
3343	9
3344	8
3344	13
3345	1
3346	5
3347	8
3348	9
3349	15
3350	1
3351	1
3352	9
3353	1
3354	9
3355	8
3356	8
3357	7
3358	9
3359	1
3360	1
3360	9
3361	1
3362	1
3362	29
3363	1
3363	9
3363	29
3364	1
3364	6
3364	29
3365	1
3366	9
3367	1
3368	7
3369	1
3370	9
3371	2
3371	15
3372	1
3373	15
3374	1
3375	1
3376	1
3376	29
3377	1
3377	15
3378	8
3379	1
3380	5
3380	20
3380	29
3381	5
3381	37
3382	8
3382	9
3383	1
3383	29
3384	1
3385	1
3386	8
3386	13
3387	1
3387	29
3388	9
3389	8
3389	13
3390	1
3391	1
3391	9
3392	1
3393	9
3394	1
3394	29
3395	1
3396	1
3397	8
3398	6
3399	1
3400	8
3401	1
3402	1
3402	15
3402	20
3403	1
3404	8
3405	1
3405	9
3405	29
3406	1
3407	1
3408	1
3409	1
3410	1
3410	9
3411	1
3412	9
3413	1
3414	8
3414	13
3415	9
3416	1
3417	8
3418	8
3419	5
3420	1
3420	29
3421	8
3422	9
3423	5
3424	5
3425	5
3425	9
3426	1
3427	1
3427	29
3428	1
3429	9
3430	5
3430	29
3431	9
3432	9
3433	9
3434	1
3434	20
3435	6
3436	9
3437	1
3438	1
3438	9
3438	20
3439	9
3440	15
3440	20
3441	8
3442	8
3443	8
3444	2
3444	6
3445	1
3446	1
3447	1
3448	1
3449	1
3450	1
3451	1
3452	1
3453	1
3454	1
3454	8
3455	1
3456	8
3457	1
3458	1
3458	7
3459	1
3459	9
3460	1
3461	9
3462	6
3463	1
3464	6
3465	7
3466	9
3467	9
3468	1
3468	29
3469	1
3470	5
3471	1
3472	1
3472	9
3472	29
3473	15
3473	20
3474	2
3474	6
3475	1
3476	1
3477	1
3478	1
3479	1
3480	8
3481	1
3481	29
3482	15
3482	20
3483	1
3484	9
3485	1
3486	1
3486	9
3487	2
3487	6
3488	1
3489	9
3490	1
3491	9
3492	1
3492	7
3493	9
3494	1
3495	9
3496	8
3497	1
3498	2
3498	6
3499	6
3499	9
3500	1
3501	8
3502	1
3503	1
3504	15
3504	20
3505	8
3506	8
3507	1
3508	1
3508	15
3508	20
3509	2
3509	6
3510	7
3511	1
3512	6
3512	9
3513	9
3514	8
3515	6
3516	1
3517	8
3518	9
3519	1
3519	15
3520	9
3521	1
3522	1
3523	1
3524	8
3525	1
3526	2
3526	6
3527	1
3528	6
3529	1
3530	8
3531	1
3532	15
3532	20
3533	7
3534	9
3535	7
3536	9
3537	2
3537	6
3538	13
3539	7
3540	8
3541	1
3541	7
3542	1
3543	15
3543	20
3544	2
3545	13
3546	1
3547	2
3547	6
3548	2
3548	6
3548	9
3549	1
3550	13
3551	8
3552	8
3553	1
3554	1
3555	8
3556	1
3557	9
3558	1
3559	9
3560	8
3561	1
3562	1
3563	1
3564	1
3565	1
3566	1
3566	2
3566	20
3567	2
3567	6
3568	13
3569	1
3570	8
3571	8
3572	15
3573	1
3574	13
3575	7
3576	8
3577	5
3578	8
3579	1
3579	29
3580	1
3580	15
3581	1
3582	1
3582	7
3583	6
3584	1
3584	20
3585	9
3586	1
3587	1
3588	5
3589	8
3590	1
3590	7
3591	1
3592	1
3593	9
3594	1
3594	29
3595	1
3596	1
3596	29
3597	9
3598	1
3598	8
3599	8
3600	1
3601	9
3602	1
3602	15
3603	1
3603	29
3604	1
3605	1
3606	8
3607	9
3608	9
3609	1
3610	6
3611	1
3612	1
3613	1
3614	7
3615	9
3616	1
3616	7
3617	15
3617	20
3618	1
3619	9
3620	8
3621	1
3622	9
3623	5
3624	9
3625	1
3626	1
3626	29
3627	1
3628	1
3629	8
3630	15
3630	20
3631	8
3632	1
3633	1
3634	9
3635	1
3636	1
3637	1
3638	5
3639	5
3640	2
3640	6
3640	9
3641	1
3641	29
3642	1
3643	8
3643	13
3644	1
3644	20
3645	1
3646	8
3647	1
3647	7
3648	1
3648	9
3649	1
3650	1
3651	8
3652	1
3653	1
3653	20
3654	8
3655	1
3656	1
3657	1
3658	8
3659	1
3660	2
3661	1
3662	8
3663	8
3664	1
3664	7
3665	8
3666	5
3667	8
3667	13
3668	9
3669	1
3670	15
3671	8
3672	9
3673	9
3674	29
3675	10
3676	9
3677	8
3678	1
3679	9
3680	9
3681	33
3682	1
3683	8
3684	5
3685	1
3685	15
3686	9
3687	1
3687	15
3688	8
3689	7
3690	15
3691	1
3692	8
3693	8
3694	1
3695	16
3696	26
3697	26
3698	1
3699	9
3700	1
3701	1
3701	9
3702	37
3703	27
3704	1
3705	1
3706	32
3706	38
3707	1
3708	1
3709	1
3710	9
3711	2
3711	6
3712	13
3713	15
3714	15
3714	20
3715	8
3716	2
3716	6
3717	15
3718	1
3719	1
3720	2
3720	6
3721	1
3722	9
3723	1
3724	1
3724	29
3725	8
3726	1
3727	1
3728	8
3729	8
3730	8
3731	2
3731	6
3732	2
3733	8
3734	1
3735	5
3736	6
3736	9
3737	9
3738	1
3738	29
3739	1
3739	9
3739	29
3740	1
3740	29
3741	8
3742	2
3742	6
3743	9
3744	1
3745	8
3746	8
3747	1
3748	1
3748	29
3749	1
3750	1
3751	1
3752	7
3753	1
3754	15
3754	20
3755	13
3756	15
3757	1
3758	1
3759	1
3759	29
3760	1
3760	29
3761	8
3762	1
3763	1
3764	1
3765	5
3766	7
3767	1
3768	1
3768	9
3768	29
3769	15
3769	20
3770	1
3771	1
3771	29
3772	5
3773	15
3773	20
3774	8
3775	2
3776	6
3777	6
3778	9
3778	20
3779	13
3780	1
3781	1
3782	9
3783	1
3784	1
3785	8
3786	6
3787	1
3787	15
3788	8
3789	1
3790	9
3791	9
3792	1
3793	8
3794	1
3795	9
3796	8
3797	2
3798	1
3799	5
3800	1
3801	1
3801	20
3802	9
3803	7
3804	8
3805	13
3806	9
3807	7
3808	3
3809	1
3810	1
3810	29
3811	9
3812	24
3813	35
3814	1
3815	1
3816	8
3817	6
3818	9
3819	1
3820	1
3820	20
3821	8
3822	1
3823	1
3823	20
3823	29
3824	8
3825	1
3826	8
3827	1
3828	8
3829	1
3830	9
3831	9
3832	6
3833	1
3834	1
3835	1
3836	15
3837	8
3838	1
3839	6
3840	1
3841	1
3841	8
3842	8
3843	15
3844	8
3845	9
3846	1
3847	1
3847	29
3848	8
3849	8
3850	1
3851	1
3852	1
3853	8
3854	1
3855	15
3855	20
3856	8
3857	1
3857	2
3858	1
3858	7
3859	7
3860	1
3860	29
3861	1
3862	1
3863	1
3864	2
3864	6
3865	8
3866	1
3867	1
3868	2
3869	8
3869	13
3870	8
3871	1
3872	1
3873	1
3874	8
3875	1
3875	29
3876	1
3876	29
3877	8
3878	1
3879	1
3879	8
3880	1
3881	1
3882	8
3883	6
3884	1
3884	9
3884	29
3885	1
3886	29
3887	1
3887	5
3887	29
3888	2
3888	9
3889	24
3890	8
3891	1
3892	1
3893	1
3894	9
3895	7
3896	5
3897	8
3898	1
3899	1
3899	9
3900	8
3901	15
3902	8
3903	1
3903	9
3904	9
3905	1
3906	2
3906	6
3907	8
3908	7
3909	1
3910	1
3911	6
3912	9
3913	1
3914	1
3915	8
3916	5
3917	2
3917	6
3918	1
3919	5
3920	1
3920	7
3920	9
3921	2
3922	2
3922	6
3923	8
3924	8
3925	15
3925	20
3926	7
3926	9
3927	1
3928	1
3929	15
3930	8
3931	1
3931	20
3932	37
3933	15
3934	9
3935	1
3936	8
3937	1
3938	7
3938	9
3939	6
3940	1
3941	1
3941	5
3941	9
3942	8
3943	1
3944	1
3945	13
3946	1
3947	1
3948	1
3949	1
3950	1
3951	8
3952	1
3953	13
3953	29
3954	1
3955	8
3956	2
3956	6
3957	8
3958	9
3959	1
3960	7
3961	1
3962	5
3963	1
3964	8
3965	1
3965	29
3966	1
3967	1
3968	7
3969	1
3969	29
3970	13
3971	1
3972	1
3973	1
3974	8
3975	9
3976	1
3977	15
3977	20
3978	8
3979	13
3980	29
3981	9
3982	6
3983	1
3984	8
3985	1
3986	1
3987	8
3988	8
3989	1
3990	1
3991	7
3992	1
3993	7
3994	15
3995	1
3995	20
3996	8
3996	13
3997	15
3998	15
3999	1
4000	1
4000	15
4001	1
4002	1
4003	1
4004	15
4004	20
4005	8
4006	1
4007	1
4008	1
4008	29
4009	5
4010	1
4011	7
4012	1
4012	8
4013	1
4014	7
4015	1
4016	8
4017	37
4018	9
4019	1
4020	1
4021	6
4022	9
4023	9
4024	1
4024	29
4025	1
4025	8
4025	29
4026	1
4026	3
4027	1
4028	15
4028	20
4029	9
4030	1
4031	1
4032	7
4033	15
4033	20
4034	1
4035	9
4036	3
4036	29
4037	1
4038	1
4039	9
4040	1
4041	8
4042	1
4043	1
4044	9
4045	9
4046	8
4047	6
4048	7
4049	1
4050	9
4051	9
4052	9
4053	29
4054	2
4054	6
4054	9
4055	1
4056	15
4057	8
4058	7
4059	1
4060	9
4061	6
4061	9
4062	1
4062	9
4063	2
4064	7
4065	15
4066	15
4067	8
4068	9
4069	9
4070	8
4070	13
4071	8
4072	15
4073	1
4074	8
4075	8
4076	15
4076	20
4077	9
4078	1
4079	9
4080	8
4081	8
4081	13
4082	2
4082	9
4083	8
4084	1
4085	8
4086	8
4087	7
4088	1
4089	1
4089	15
4090	9
4091	6
4092	1
4093	8
4093	29
4094	1
4095	8
4096	1
4097	1
4097	8
4098	7
4098	9
4099	1
4099	15
4100	1
4101	1
4102	13
4103	1
4104	1
4105	5
4106	7
4107	8
4108	1
4108	9
4109	9
4110	1
4110	9
4111	1
4112	1
4112	9
4113	1
4114	1
4114	29
4115	1
4115	29
4116	5
4117	9
4118	1
4119	1
4120	1
4121	1
4122	1
4123	1
4124	1
4124	15
4125	5
4126	1
4127	1
4128	1
4128	29
4129	29
4130	1
4130	15
4131	1
4131	8
4132	1
4133	9
4134	8
4135	20
4135	29
4136	8
4137	1
4138	8
4139	1
4140	9
4141	1
4142	1
4142	8
4143	5
4144	6
4145	6
4146	8
4147	1
4148	8
4149	15
4150	15
4150	20
4151	9
4152	9
4153	1
4154	1
4155	1
4156	15
4156	20
4157	1
4158	1
4159	9
4160	8
4161	8
4162	1
4163	1
4164	1
4165	8
4166	7
4167	1
4168	9
4169	1
4170	1
4171	1
4172	9
4173	1
4174	8
4175	1
4176	1
4177	8
4178	6
4179	9
4180	1
4181	9
4182	8
4183	1
4183	29
4184	1
4184	29
4185	1
4186	9
4187	9
4188	5
4188	9
4189	1
4190	1
4191	9
4192	1
4193	9
4194	15
4194	20
4195	9
4196	8
4197	1
4198	1
4199	15
4200	13
4201	8
4202	9
4203	1
4204	2
4204	9
4205	5
4206	13
4207	8
4208	1
4209	8
4210	1
4211	9
4212	2
4212	9
4213	1
4214	3
4215	1
4216	1
4217	1
4218	8
4219	9
4220	9
4221	8
4222	1
4222	15
4223	9
4224	7
4225	8
4226	1
4226	9
4226	29
4227	1
4228	9
4229	8
4230	29
4231	8
4231	29
4232	1
4233	9
4234	1
4235	8
4236	1
4236	29
4237	8
4237	13
4238	8
4238	13
4238	29
4239	1
4240	1
4241	1
4241	29
4242	1
4243	1
4243	29
4244	1
4244	9
4244	20
4245	29
4246	9
4247	13
4248	15
4248	29
4249	2
4249	6
4250	1
4251	8
4252	1
4253	1
4254	1
4255	1
4255	29
4256	8
4257	8
4258	1
4258	7
4259	1
4260	6
4261	2
4261	6
4262	2
4263	8
4263	13
4264	13
4265	9
4266	1
4267	1
4267	29
4268	8
4269	1
4270	1
4271	1
4271	29
4272	1
4272	2
4273	1
4273	2
4274	6
4275	1
4276	1
4277	8
4278	1
4278	15
4279	2
4280	1
4281	8
4282	1
4283	24
4284	7
4285	9
4286	8
4287	1
4287	29
4288	13
4289	1
4289	29
4290	1
4291	6
4292	1
4293	1
4293	29
4294	1
4295	1
4296	8
4297	8
4298	9
4299	1
4299	29
4300	1
4300	29
4301	29
4302	9
4303	1
4303	5
4304	1
4305	8
4306	13
4307	8
4307	13
4308	1
4308	29
4309	13
4310	1
4311	1
4312	1
4312	29
4313	1
4313	29
4314	8
4315	1
4316	8
4317	1
4318	1
4318	9
4319	1
4319	9
4320	9
4321	8
4322	1
4322	29
4323	1
4324	8
4325	1
4326	1
4326	29
4327	1
4328	1
4329	8
4330	1
4331	8
4331	9
4332	1
4333	1
4334	6
4335	9
4336	1
4337	1
4337	29
4337	34
4338	1
4339	29
4340	1
4340	29
4341	9
4342	6
4343	8
4344	9
4345	1
4345	9
4345	29
4346	1
4347	5
4348	8
4349	9
4350	8
4351	1
4352	9
4353	9
4354	9
4355	1
4356	1
4356	29
4357	6
4358	1
4358	8
4359	1
4359	15
4360	8
4361	9
4362	8
4362	29
4363	5
4364	8
4365	5
4366	1
4367	29
4368	1
4369	1
4370	9
4371	8
4372	8
4373	15
4374	8
4375	13
4376	1
4376	9
4377	8
4378	9
4379	7
4380	8
4381	8
4382	1
4383	1
4384	1
4384	29
4385	2
4385	6
4386	1
4387	8
4388	13
4389	9
4390	9
4391	1
4391	9
4392	7
4393	9
4394	6
4394	9
4395	7
4396	1
4397	29
4398	8
4399	9
4400	21
4401	8
4402	1
4402	9
4403	1
4404	15
4405	8
4406	1
4406	7
4407	1
4407	9
4408	1
4409	1
4410	8
4411	1
4412	15
4412	20
4413	1
4414	1
4415	9
4416	9
4417	1
4418	9
4419	1
4420	13
4421	1
4421	15
4421	20
4422	5
4423	9
4424	1
4425	8
4426	5
4427	8
4428	8
4429	8
4429	29
4430	15
4430	20
4431	1
4432	8
4433	1
4434	8
4434	13
4435	9
4435	10
4436	8
4437	1
4438	9
4439	8
4439	29
4440	1
4441	1
4442	2
4442	6
4443	5
4444	6
4444	9
4445	8
4446	1
4446	7
4447	1
4448	1
4449	1
4450	1
4451	2
4451	6
4452	1
4453	8
4454	9
4455	20
4456	9
4457	1
4458	1
4459	1
4460	15
4461	13
4462	7
4463	1
4464	8
4465	1
4466	8
4466	13
4467	1
4468	1
4469	1
4469	9
4470	9
4471	1
4472	1
4473	1
4473	15
4474	1
4475	13
4476	1
4476	7
4477	1
4478	1
4479	9
4480	13
4481	1
4482	2
4483	7
4484	8
4485	1
4486	9
4487	2
4487	6
4487	9
4488	8
4489	6
4490	7
4491	1
4492	9
4493	9
4494	1
4495	1
4496	1
4496	15
4496	20
4497	1
4498	6
4499	1
4500	1
4501	6
4502	5
4503	15
4504	8
4505	1
4506	5
4507	8
4508	15
4509	1
4509	29
4510	8
4510	13
4511	1
4511	15
4512	1
4513	8
4514	1
4515	1
4515	29
4516	15
4516	20
4517	13
4518	1
4519	2
4519	6
4520	1
4521	7
4522	6
4523	7
4524	1
4525	8
4526	7
4527	1
4528	15
4528	20
4529	1
4530	15
4531	2
4531	6
4532	8
4532	13
4533	1
4534	2
4534	6
4534	9
4535	15
4536	8
4537	1
4538	15
4538	20
4539	2
4539	6
4540	1
4541	6
4542	1
4542	20
4543	2
4543	6
4543	9
4544	15
4545	1
4546	2
4547	9
4548	2
4549	7
4550	1
4550	15
4551	1
4552	1
4553	9
4554	15
4555	1
4556	13
4557	1
4558	8
4559	1
4560	8
4561	6
4562	6
4563	1
4564	1
4564	29
4565	1
4566	1
4566	29
4567	1
4567	29
4568	7
4569	8
4570	8
4571	1
4572	8
4573	1
4573	29
4574	1
4575	1
4576	8
4577	9
4578	1
4579	1
4579	29
4580	13
4580	29
4581	1
4582	1
4582	29
4583	1
4584	9
4585	1
4586	8
4587	1
4588	1
4588	9
4588	20
4589	2
4590	8
4591	8
4592	8
4593	1
4594	9
4595	1
4596	1
4596	20
4597	1
4598	1
4599	6
4600	5
4601	7
4602	5
4603	1
4603	5
4604	1
4605	6
4605	9
4606	1
4607	1
4608	6
4608	9
4609	2
4609	6
4610	5
4611	15
4611	20
4612	1
4612	9
4613	8
4614	9
4615	1
4616	1
4617	9
4618	8
4619	1
4620	1
4620	9
4621	5
4622	8
4623	9
4624	9
4625	1
4625	29
4626	1
4627	9
4628	6
4629	15
4629	20
4630	9
4631	1
4632	1
4632	29
4633	1
4634	2
4634	6
4635	2
4635	6
4636	9
4637	1
4637	29
4638	1
4639	2
4639	6
4640	1
4641	8
4642	1
4643	1
4644	2
4645	8
4646	5
4647	2
4648	5
4649	15
4650	13
4651	1
4652	1
4653	9
4654	1
4655	1
4655	20
4656	13
4657	9
4658	1
4658	15
4659	2
4659	6
4660	1
4661	15
4662	8
4663	1
4664	8
4664	13
4665	1
4666	1
4667	1
4668	9
4669	1
4669	29
4670	1
4671	1
4672	1
4672	8
4673	29
4674	9
4675	9
4676	8
4677	8
4678	1
4679	1
4680	1
4681	1
4682	1
4683	5
4684	5
4685	35
4686	29
4687	9
4688	18
4689	8
4690	1
4691	1
4691	5
4691	20
4692	6
4693	1
4694	1
4694	15
4695	1
4696	9
4697	6
4697	9
4698	15
4698	20
4699	1
4700	1
4700	3
4701	15
4701	20
4702	2
4702	6
4703	8
4703	13
4704	1
4705	1
4706	13
4707	1
4708	13
4709	8
4710	6
4710	9
4711	1
4712	9
4713	8
4714	9
4715	1
4716	1
4717	1
4718	1
4719	5
4720	1
4721	9
4722	9
4723	13
4724	2
4724	6
4725	9
4726	5
4727	1
4728	2
4728	6
4729	1
4730	1
4731	1
4731	29
4732	1
4732	29
4733	1
4733	29
4734	1
4735	13
4736	15
4736	20
4737	7
4738	8
4739	8
4740	9
4741	1
4742	8
4743	8
4744	9
4745	8
4746	8
4747	2
4747	6
4748	1
4748	15
4749	8
4750	1
4751	1
4751	20
4752	13
4753	1
4754	8
4755	1
4755	9
4756	1
4757	1
4757	20
4758	1
4759	1
4760	9
4761	9
4762	3
4763	1
4764	5
4765	8
4765	13
4765	29
4766	1
4767	8
4768	2
4768	6
4769	8
4770	1
4771	8
4772	8
4773	1
4773	9
4774	1
4775	29
4776	1
4776	15
4776	35
4777	1
4777	20
4777	29
